1 1 1 0.003044 
1 2 1 0.005845 
1 3 1 0.010431 
1 4 1 0.017058 
1 5 1 0.024878 
1 6 1 0.031017 
1 7 1 0.031225 
1 8 1 0.023939 
1 9 1 0.015154 
1 10 1 0.016407 
1 11 1 0.033940 
1 12 1 0.060789 
1 13 1 0.082562 
1 14 1 0.089811 
1 15 1 0.082972 
1 16 1 0.068061 
1 1 2 0.023773 
1 2 2 0.034312 
1 3 2 0.045505 
1 4 2 0.054439 
1 5 2 0.057301 
1 6 2 0.051185 
1 7 2 0.036686 
1 8 2 0.019594 
1 9 2 0.009695 
1 10 2 0.016243 
1 11 2 0.042474 
1 12 2 0.082919 
1 13 2 0.125688 
1 14 2 0.158250 
1 15 2 0.172868 
1 16 2 0.168670 
1 1 3 0.054366 
1 2 3 0.065572 
1 3 3 0.072544 
1 4 3 0.072200 
1 5 3 0.062636 
1 6 3 0.044590 
1 7 3 0.022327 
1 8 3 0.003221 
1 9 3 -0.004280 
1 10 3 0.006281 
1 11 3 0.036561 
1 12 3 0.082269 
1 13 3 0.134341 
1 14 3 0.181933 
1 15 3 0.215880 
1 16 3 0.231144 
1 1 4 0.073612 
1 2 4 0.080942 
1 3 4 0.081502 
1 4 4 0.073346 
1 5 4 0.056348 
1 6 4 0.033003 
1 7 4 0.008549 
1 8 4 -0.009915 
1 9 4 -0.015234 
1 10 4 -0.002417 
1 11 4 0.029539 
1 12 4 0.076964 
1 13 4 0.132317 
1 14 4 0.186184 
1 15 4 0.229761 
1 16 4 0.256930 
1 1 5 0.079315 
1 2 5 0.084752 
1 3 5 0.082828 
1 4 5 0.072063 
1 5 5 0.052878 
1 6 5 0.028204 
1 7 5 0.003419 
1 8 5 -0.014587 
1 9 5 -0.019104 
1 10 5 -0.005575 
1 11 5 0.026825 
1 12 5 0.074618 
1 13 5 0.130724 
1 14 5 0.186217 
1 15 5 0.232528 
1 16 5 0.263370 
1 1 6 0.073612 
1 2 6 0.080942 
1 3 6 0.081502 
1 4 6 0.073346 
1 5 6 0.056348 
1 6 6 0.033003 
1 7 6 0.008549 
1 8 6 -0.009915 
1 9 6 -0.015234 
1 10 6 -0.002417 
1 11 6 0.029539 
1 12 6 0.076964 
1 13 6 0.132317 
1 14 6 0.186184 
1 15 6 0.229761 
1 16 6 0.256930 
1 1 7 0.054366 
1 2 7 0.065572 
1 3 7 0.072544 
1 4 7 0.072200 
1 5 7 0.062636 
1 6 7 0.044590 
1 7 7 0.022327 
1 8 7 0.003221 
1 9 7 -0.004280 
1 10 7 0.006281 
1 11 7 0.036561 
1 12 7 0.082269 
1 13 7 0.134341 
1 14 7 0.181933 
1 15 7 0.215880 
1 16 7 0.231144 
1 1 8 0.023773 
1 2 8 0.034312 
1 3 8 0.045505 
1 4 8 0.054439 
1 5 8 0.057301 
1 6 8 0.051185 
1 7 8 0.036686 
1 8 8 0.019594 
1 9 8 0.009695 
1 10 8 0.016243 
1 11 8 0.042474 
1 12 8 0.082919 
1 13 8 0.125688 
1 14 8 0.158250 
1 15 8 0.172868 
1 16 8 0.168670 
1 1 9 0.003044 
1 2 9 0.005845 
1 3 9 0.010431 
1 4 9 0.017058 
1 5 9 0.024878 
1 6 9 0.031017 
1 7 9 0.031225 
1 8 9 0.023939 
1 9 9 0.015154 
1 10 9 0.016407 
1 11 9 0.033940 
1 12 9 0.060789 
1 13 9 0.082562 
1 14 9 0.089811 
1 15 9 0.082972 
1 16 9 0.068061 
1 1 10 0.000000 
1 2 10 0.000000 
1 3 10 0.000000 
1 4 10 0.000000 
1 5 10 0.000000 
1 6 10 0.000000 
1 7 10 0.000000 
1 8 10 0.000000 
1 9 10 0.000000 
1 10 10 0.000000 
1 11 10 0.000000 
1 12 10 0.000000 
1 13 10 0.000000 
1 14 10 0.000000 
1 15 10 0.000000 
1 16 10 0.000000 
1 1 11 -0.000000 
1 2 11 -0.000000 
1 3 11 -0.000001 
1 4 11 -0.000011 
1 5 11 -0.000075 
1 6 11 -0.000386 
1 7 11 -0.001531 
1 8 11 -0.004669 
1 9 11 -0.010962 
1 10 11 -0.017760 
1 11 11 -0.027597 
1 12 11 -0.029595 
1 13 11 -0.024434 
1 14 11 -0.015519 
1 15 11 -0.007575 
1 16 11 -0.002837 
1 1 12 0.000000 
1 2 12 0.000000 
1 3 12 0.000000 
1 4 12 0.000000 
1 5 12 0.000000 
1 6 12 0.000013 
1 7 12 0.000550 
1 8 12 0.008090 
1 9 12 0.041896 
1 10 12 0.074764 
1 11 12 0.036469 
1 12 12 -0.010708 
1 13 12 -0.011696 
1 14 12 -0.002752 
1 15 12 -0.000243 
1 16 12 -0.000008 
1 1 13 0.000000 
1 2 13 0.000002 
1 3 13 0.000028 
1 4 13 0.000287 
1 5 13 0.002072 
1 6 13 0.010483 
1 7 13 0.037308 
1 8 13 0.093537 
1 9 13 0.165373 
1 10 13 0.206274 
1 11 13 0.161913 
1 12 13 0.038104 
1 13 13 0.048089 
1 14 13 0.015111 
1 15 13 0.003252 
1 16 13 0.000488 
1 1 14 0.000036 
1 2 14 0.000239 
1 3 14 0.001260 
1 4 14 0.005325 
1 5 14 0.018069 
1 6 14 0.049293 
1 7 14 0.108210 
1 8 14 0.191261 
1 9 14 0.272285 
1 10 14 0.312270 
1 11 14 0.281224 
1 12 14 0.129204 
1 13 14 0.128554 
1 14 14 0.061944 
1 15 14 0.023985 
1 16 14 0.007453 
1 1 15 0.000137 
1 2 15 0.000701 
1 3 15 0.002962 
1 4 15 0.010332 
1 5 15 0.029810 
1 6 15 0.071190 
1 7 15 0.140818 
1 8 15 0.230814 
1 9 15 0.313585 
1 10 15 0.353154 
1 11 15 0.282737 
1 12 15 0.096931 
1 13 15 0.159780 
1 14 15 0.086827 
1 15 15 0.038142 
1 16 15 0.013850 
1 1 16 0.000036 
1 2 16 0.000239 
1 3 16 0.001260 
1 4 16 0.005325 
1 5 16 0.018069 
1 6 16 0.049293 
1 7 16 0.108210 
1 8 16 0.191261 
1 9 16 0.272285 
1 10 16 0.312270 
1 11 16 0.281224 
1 12 16 0.129204 
1 13 16 0.128554 
1 14 16 0.061944 
1 15 16 0.023985 
1 16 16 0.007453 
1 1 17 0.000000 
1 2 17 0.000002 
1 3 17 0.000028 
1 4 17 0.000287 
1 5 17 0.002072 
1 6 17 0.010483 
1 7 17 0.037308 
1 8 17 0.093537 
1 9 17 0.165373 
1 10 17 0.206274 
1 11 17 0.161913 
1 12 17 0.038104 
1 13 17 0.048089 
1 14 17 0.015111 
1 15 17 0.003252 
1 16 17 0.000488 
1 1 18 0.000000 
1 2 18 0.000000 
1 3 18 0.000000 
1 4 18 0.000000 
1 5 18 0.000000 
1 6 18 0.000013 
1 7 18 0.000550 
1 8 18 0.008090 
1 9 18 0.041896 
1 10 18 0.074764 
1 11 18 0.036469 
1 12 18 -0.010708 
1 13 18 -0.011696 
1 14 18 -0.002752 
1 15 18 -0.000243 
1 16 18 -0.000008 
1 1 19 -0.000000 
1 2 19 -0.000000 
1 3 19 -0.000001 
1 4 19 -0.000011 
1 5 19 -0.000075 
1 6 19 -0.000386 
1 7 19 -0.001531 
1 8 19 -0.004669 
1 9 19 -0.010962 
1 10 19 -0.017760 
1 11 19 -0.027597 
1 12 19 -0.029595 
1 13 19 -0.024434 
1 14 19 -0.015519 
1 15 19 -0.007575 
1 16 19 -0.002837 
1 1 20 -0.000000 
1 2 20 -0.000000 
1 3 20 -0.000000 
1 4 20 -0.000000 
1 5 20 -0.000000 
1 6 20 -0.000000 
1 7 20 -0.000000 
1 8 20 -0.000000 
1 9 20 -0.000000 
1 10 20 -0.000000 
1 11 20 -0.000000 
1 12 20 -0.000000 
1 13 20 -0.000000 
1 14 20 -0.000000 
1 15 20 -0.000000 
1 16 20 -0.000000 
